73 108
0 1
0 69
1 16
2 3
2 16
3 4
3 5
4 5
4 6
4 7
5 8
6 7
6 8
7 10
8 9
9 10
9 20
10 11
11 12
11 14
13 14
14 15
14 19
15 16
15 17
17 18
17 30
18 19
18 23
18 30
19 20
19 21
20 27
21 22
21 23
21 24
23 26
24 25
24 26
24 28
26 29
27 28
27 39
28 29
28 37
29 31
29 34
30 31
31 32
32 33
32 36
33 34
33 35
34 37
34 41
35 36
35 41
36 42
37 38
37 40
38 39
38 40
39 45
40 41
41 43
42 43
42 51
43 44
43 50
44 45
44 46
45 47
46 49
46 55
47 48
47 52
48 49
48 53
49 54
50 51
50 56
51 69
52 53
52 59
53 54
53 60
54 55
54 61
55 56
55 62
56 57
57 58
57 63
59 60
59 72
60 61
61 62
62 71
63 64
63 65
63 67
65 66
65 68
65 70
67 68
69 70
70 71
71 72